0000000000000000000000000000000000000000000000000000000000000000 0000000000000000000000000000000000000000000000000000000000000000 0000000000000000000000000000000000000000000000000000000000000000 0000000000000000000000000000000000000000000000000000000000000000
0000000000000000000000000000000000000000000001110000000011111011 0000000000000000000000000000000000000000000000000000000000000011 0000000000000000000000000000001100000000000000000000000000000000 0000000000000000000000000010000000000000111001110000000011111011
0000000000100001000000001000011000000000001101000000000001001011 0000000000000000000000000010001111011100010111011110000000101101 0001111110101101111000000010110100000000000000000000000000100001 0001000011100001000010100000011000001010110101000000010001001011
0000011010100111010011000110011110110101111011100001011010001011 1110011111101011111101011101111001111110101110111000010100101101 0111111011010101100001001110101100010110001010000010010111011001 1000000101001001000111101000010000010010010100010111110110101111
1110101011001000011001110101001000100011011100100011110001001111 1011110010010111010101111001100011110000101100101100010111001111 0110100010101100010000011011111101110001111101011101111101000010 0101111011000000010100011000001011111111100101110111101001011101
0011101011011001111010001111011011000101011110001011101011101001 0000010000110001110010010000000111111100110100010010101001110110 1111001011001000011111000010101100000001111100010001110011110000 0011011000111001100000110101011001111111100001111010100000100100
1110011000111101101111001001011111100101111000011100110101111001 1010111001101000110110111000010001111100100100110001111000110010 1101010101110101110110010100010110110100001010010011011110001010 1100101110110011000101011010011110110101010101101011011110011100
1101100101010001100100001100011000101000000110100000001110100000 1101110100001110000011110011111100100001110001011111100111001001 0010110000100001101001111011000001111110011100000110010100010001 0000111110111000000010011001001101011010101111010000001111111001
0010111000011101110001000100101011101110001100100010000011001100 1111101101010010101100100011111000011101101010001000001010101100 1011100000110100111011001000000000010010010011100011101111001111 1011001001000111001111001001010011010000111101110111110110110000
0000010110111110111001001111001010101110000000000000000000000000 1010100000000111111011000001101010011011010100101000011100001000 0110101001100111001110001111100101001011001111011001100110100110 0001110111000100101110100001010011101101000001101110010100011111
0011110111011101000100001100110001010010010011110100000101011111 1100011010000101101011011100010111100111110011101010000001011000 1101001111011110100011101111001111000001111000010100111010101100 1011011001101010001100111110111001100101111100101000111000101100
