0111000010000001110111100111111111101111010110010110111001111111
1100010001101000001101001111101111011000001000101111001011110101
1010110110111011111000011111001110110110110101011100101111100000
0111111000011100010010111110001101101011001110111011100111001010
1101100101010011000111111100001011010000111001110101110110011111
1001011111001101101101111000000110100111010111101001010100110100
0000101011110000111001110000011101001000001011010000010001100010
0011000010001010010001100000101010010110110010100010011011001111
0100010001111111000001000001000100101011000001000110001110010101
1010110110010101100000000010011001010000100110001110100100100001
0111111001000000100010000100100010100111101000011111110001001000
1101100111101010100110001001010101001001110100111101011010011011
1001011010111110101110010010111010010101001101111000001100111100
0000100000010110111110100101100100101100111111110010100001110010
0011010101000110011111001011011001011111011011100111111011101111
0100111111100111011100010110100010111000010011001101001111010101
1011101010100101011010101101010101110110000010011000100110100001
0101000000100001010111011010111011101010100000110011110101001000
1000010100101001001100110101100111010011100101100101010010011011
0010111100111001111011101011011110100001101111001000011100111100
0111101100011000010101010110101101000101111010010010000001110011
1101001101011011001000101101001010001101010000100110111011101101
1000001111011101110011011010000100011100000101001111001111010000
0010001011010000000100110100011000111110101110011100100110101010
0110000011001011101011101000100001111011111000111011110101011111
1110010011111100110101010001010011110001010101110101010010110101
1110110010010010001000100010110111100100001111101000011101100000
1111110001001111110011000101111111001110111011010010000011001010
1101110111110100000100001011101110011011010010100110111110011110
1001111010000011101010010111001100110000000001001111000100110110
0001100001101100110110101110001001100110100110011100110001100110
0001010110110010001111011100000011001011101000111011011011000111
0000111000001111111100111000010110010001110101110100001110000101
0011100101110100011011110000111100100101001111101010100100000001
0101011110000011010101100001101001001100111011010111110000001001
1000101001101101001001000011000010011111010010101101011000011001
0011000110110001110000000110010100111000000001011000001000111000
0100011000001000000010001100111001110110100110110010101001111011
1010100101111011100110011001100011101011101001100111101011111101
0111011110011100101110110011010111010001110111001101101111110000
1100101001010010111111100110111110100101001010011001100111101011
1011000111001110011101001101101101001100110000110001110111011100
0100011011110111011000011011001010011111000101100001010110110010
1010100010000101010010110110000100111000101111000000010101101111
0111010001100001000111101100011001110111111010000010010011010100
1100110110101001101101011000100011101001010000000110011110100011
1011111000111000111000110001010111010100000100001110000101001100
0101100100011010010011100010111110101110101100011110110010010010
1001011101011111000101000101101101011011111100111111011100101111
0000101111010101101000001011001010110001011101111100000001010100
0011001011000000110010010110000101100100011111111010111010100011
0100000011101010000110101100011011001110011011110111001101001101
1010010010111111101111011000100110011010010011101100100010010001
0110110000010100111100110001011100110010000011011011111100101000
1111110101000010011011100010101001100010100010110101000001011011
1101111111101111010101000101000011000011100001101000111010111100
1001101010110101001000001010010110000001100111010011001101110010
0001000000000001110010010100111100000101101010100100100011101110
0000010101101000000110101001101000001101110001001011111111010111
0010111110111011101111010011000000011101000110010101000110100101
0111101000011100111100100110010000111100101000101000110101000001
1101000101010010011011001100110001111111110101010011010010001001
1000011111001111010100011001110011111001001110100100011100011000
0010101011110101001010110011110111110100111001001010000000111010
0010001111001000001110010100001101000110011001100101001011101110
0110001011111011111110101000001010001010010111001000101111010111
1110000010011100011111010000000100010010001010010011100110100101
1110010001010011011100100000011000100010110000100101110101000000
1110110111001101011011000000100001000011000101001001010010001010
1111111011110001010100000001010010000000101110010000011100011110
1101100010001001001010000010110100000111111000100010000000110110
1001010001111001110110000101111000001001010101000110111001100110
0000110110011000001110001011100000010100001110001111001011000110
0011111001011011111110010111010000101110111000011100101110000111
0101100111011100011110101110110001011011010100111011100100000101
1001011011010011011111011101110010110000001101110101110000000001
0000100011001101011100111011110101100110111111101001011000001000
0011010011110001011011110111111011001011011011010000001000011011
0100110010001001010101101111100110010000010010100010101000111101
1011110001111001001001011111011100100110000001000111101001110001
0101110110011001110000111110101001001010100110001101101011101000
1001111001011000000011111101000010010011101000011001101111011011
0001100111011011100101111010010100100001110100110001100110111100
0001011011011100101001110100111001000101001101100001110101110011
0000100011010010110001101001100010001100111111000001010011101101
0011010011001110000001010011010100011111011010000000011111010001
0100110011110111100000100110111000111000010000000010000110101001
1011110010000100100011001101100001110110000100000110110101011001
0101110001100010100100011011010011101010101100001111010010111000
1001110110101110101010110110110111010011111100011100011101111011
0001111000110110110111101101111110100001011100111010000011111100
0001100100000110001101011011101101000100011101110110111111110011
0001011101100111111000110111001010001110011111101111000111101101
0000101110100100010011101110000100011010011011011100110111010001
0011001000100011000101011100011000110010010010111011010110101001
0100000100101101101000111000100001100010000001110100010101011001
1010011100110000110011110001010011000010100111101010010010111001
0110101100001010000101100010110110000011101011010110011101111000
1111001101111111101001000101111100000001110010101110000011111011
1100001110010100110000001011101000000101000001011110111111111100
1010001001000010000010010111000000001100100110111111000111110010
0110000111101111100110101110010000011111101001111100110111101110
1110011010110100101111011100110000111001110111111011010111010111
1110100000000010111100111001110001110101001011110100010110100100
1111010101101110011011110011110011101100110011101010010101000010
1100111110110111010101100111110111011111000011010110010010001110
1011101000000101001001001111111110111000100010101110011100010110
0101000101100001110000011111101101110111100001011110000000100110
1000011110101000000010111111001011101001100110111110111001000111
0010101000111011100111111110000111010101101001111111001010000100
0111000100011100101101111100011110101101110111111100101100000011
1100011101010010111001111000101101011101001011111011100000001101
1010101111001110010001110001001010111100110011110101111000010000
0111001011110111000001100010000101111111000011101001001000101010
1100000010000101100001000100011011111000100011010000101001011111
1010010001100000100000001000100111110111100010100011101010110100
0110110110101010100010010001011111101001100001000101101101100010
1111111000111110100110100010101111010101100110001001100011001111
1101100100010110101111000101001110101101101000010001111110010100
1001011101000110111100001010001101011101110100100001000100100010
0000101111100110011010010100001010111101001101000000110001001110
0011001010100111010110101000000101111100111110000011011010010111
0100000000100101001111010000011011111111011000000100001100100101
1010010100100001111100100000100111111000010100001010100001000001
0110111100101000011011000001011111110110001100010111111010001000
1111101100111011010100000010101111101010111100101101001100011011
1101001100011101001010000101001111010011011101011000100000111100
1000001101010001110110001010001110100000011110110011111001110010
1100011000010110010101010001001110000110111000101110011001111111
1010100101000111001000100010001100001011010101011110001011110100
0111011111100101110011000100001000010000001110111110101111100010
1100101010100000000100001000000000100110111001111111100111001111
1011000000101011101010010000010001001011010111111101110110010100
0100010100111100110110100000110010010000001011111001010100100010
1010111100010010001111000001110100100110110011110000010001001111
0111101101001111111100000011111001001011000011100010011010010100
1101001111110100011010000111100010010000100011000110001100100011
1000001010000011010110001111010100100111100010001110100001001100
0010000001101101001110011110111001001001100000011111111010010010
0110010110110001111110111101100010010101100100111101001100101111
1110111000001000011111111011010100101101101101111000100001010101
1111100101111011011101110110111001011101111111110011111010100000
1101011110011101011001101101100010111101011011100101001101001010
1000101001010001010001011011010101111100010011001000100010011110
0011000111001001000000110110111011111110000010010011111100110110
0100011011111001100011101101100111111010100000100101000001100111
1010100010011000100101011011011111110011100101001000111011000101
0111010001011010101000110110101111100001101110010011001110000000
1100110111011110110011101101001111000101111000100100100100001011
1011111011010110000101011010001110001101010101001011110000011100
0101100011000111101000110100001100011100001110010101011000110010
1001010011100100110011101000001000111110111000101000001001101111
0000110010100010000101010000000001111011010101010010101011010100
0011110000101111101000100000010011110000001110100111101110100011
0101110100110100110011000000110111100110111001001101100101001101
1001111100000010000100000001111111001011010110011001110010010001
0001101101101111101010000011101110010000001000110001011100101000
0001001110110100110110000111001100100110110101100000000001011011
0000001000000010001110001110001001001011001111000010111010111101
0010000101101111111110011100000010010000111010000111001101110001
0110011110110100011110111000010100100111010000001100100011101001
1110101000000011011111110000111001001000000100011011111111011001
1111000101101101011101100001100010010110101100110101000110111000
1100011110110001011001000011010100101011111101101000110101111010
1010101000001001010000000110111001010001011111010011010011111110
0111000101111001000010001101100010100100011010100100011111110110
1100011110011001100110011011010101001110010001001010000111100111
1010101001011000101110110110111010011010000110010110110111000100
0111000111011010111111101101100100110010101000101111010110000010
1100011011011110011101011011011001100011110101011100010100001111
1010100011010111011000110110100011000001001110111010010000010100
0111010011000101010011101101010110000100111001110110011000100010
1100110011100001000101011010111100001111010111101110001001001111
1011110010101001101000110101101000011000001011011110101010010100
0101110000111000110011101011000000110110110010111111101100100010
1001110100011010000101010110010001101011000001111101100001001111
0001111101011111101000101100110011010000100111111001111010010100
0001101111010100110011011001110110100111101011110001001100100011
0001001011000010000100110011111101001001110011100000100001001101
0000000011101111101011100111101010010101000011000011111010010001
0010010010110100110101001111000100101100100010000101001100101001
0110110000000010001000011110011001011111100000001000100001011001
1111110101101111110010111100100010111001100100010011111010111001
1101111110110100000111111001010101110101101100100101001101111000
1001101000000011101101110010111011101101111101001000100011111010
0001000101101100111001100101100111011101011110010011111111111110
0000011110110010010001001011011110111100011000100101000111110111
0010101000001111000000010110101101111110010101001000110111100101
0111000101110101100010101101001011111010001110010011010111000001
1100011110000000100111011010000111110010111000100100010110001001
1010101001101010101100110100011111100011010101001010010100011000
0111000110111110111011101000101111000000001110010110010000111010
0100101001000000000100011111111001101001010000110111101000100001
1011000111101011101010111111100011010100000101101101101001001001
0100011010111100110111111111010110101110101111011001101010011000
1010100000010010001101111110111101011011111010110001101100111011
0111010101001111111001111101101010110001010001100001100001111100
1100111111110100010001111011000101100100000111000001111011110011
1011101010000011000001110110011011001110101010000001001111101100
0101000001101101100001101100100110011011110000000000100111010010
1000010110110000100001011001011100110001000100000011110110101111
0010111000001010100000110010101001100100101100000101010101010100
0111100101111110100011100101000011001111111100001000010010100011
1101011110010110100101001010010110011001011100010010011101001101
1000101001000110101000010100111100110100011100100110000010010000
0011000111100110110010101001101001101110011101001110111100101010
0100011010100110000111010011000011011010011110011111000001011111
1010100000100111101100100110010110110010011000111100111010110101
0111010100100100111011001100111101100010010101111011001101100000
1100111100100010010100011001101011000010001111110100100011001011
1011101100101111001010110011000110000010111011101011111110011100
0101001100110101110111100110011100000011010011010101000100110010
1000001100000000001101001100101000000000000010101000110001101111
0010001101101011111000011001000000000110100001010011011011010100
0110001110111100010010110010010000001011100110100100001110100011
1110001000010011000111100100110000010001101001001010100101001101
1110000101001101101101001001110000100101110110010111110010010000
1110011111110000111000010011110001001101001000101101011100101010
1110101010001010010010100111110010011100110101011000000001011110
1111000001111111000111001111110100111111001110110010111010110110
1100010110010101101100011111111001111000111001100111001101100110
1010111001000000111010111111100011110111010111001100100011000110
0111100111101010010111111111010111101000001010011011111110000110
1101011010111111001101111110111111010110110000110101000100000111
1000100000010101111001111101101110101011000101101000110000000100
0011010101000000010001111011001101010000101111010011011000000010
0100111111101011000001110110001010100111111010100100001000001111
1011101010111101100001101100000101001001010001001010101000010101
0101000000010000100001011000011010010100000110010111101000100000
1000010101001010100000110000100100101110101000101101101001001011
0010111111111110100011100001011001011011110101011001101010011100
0111101010010110100101000010100010110001001110110001101100110011
1101000001000110101000000101010101100100111001100001100001101101
1000010111100110110010001010111011001111010111000001111011010000
0010111010100110000110010101100110011000001010000001001110101010
0111100000100111101110101011011100110110110000000000100101011111
1101010100100100111111010110101001101011000100000011110010110101
1000111100100010011100101101000011010000101100000101011101100000
0011101100101111011011011010010110100111111100001000000011001010
0101001100110101010100110100111101001001011100010010111110011111
1000001100000001001011101001101010010100011100100111000100110101
0010001101101001110101010011000100101110011101001100110001100000
0110001110111000001000100110011001011010011110011011011011001011
1110001000011011110011001100100010110010011000110100001110011101
1110000101011100000100011001010101100010010101101010100100110000
1110011111010011101010110010111011000010001111010111110001101010
1110101011001100110111100101100110000010111010101101011011011110
1111000011110010001101001011011100000011010001011000001110110110
1100010010001111111000010110101000000000000110110010100101100110
1010110001110100010010101101000000000110101001100111110011000110
0111110110000011000111011010010000001011110111001101011110000110
1101111001101101101100110100110000010001001010011000000100000111
1001100110110000111011101001110000100100110000110010110000000100
0001011000001010010101010011110001001111000101100111011000000010
0000100101111111001000100111110010011000101111001100001000001111
0011011110010101110011001111110100110111111010011010101000010101
1110001010100110101010000011000010001011110011111000001110111001
1110000000100110110110000110010100010001000011110010100101111000
1110010100100110001110001100111000100100100011100111110011111010
1110111100100111111110011001100001001111100011001101011111111110
1111101100100100011110110011010010011001100010011000000111110110
1101001100100011011111100110110100110101100000110010110111100110
1000001100101101011101001101111001101101100101100111010111000110
0010001100110001011000011011100011011101101111001100010110000110
0110001100001001010010110111010110111101111010011010010100000111
1110001101111001000111101110111101111101010000110110010000000101
1110001110011001101101011101101011111100000101101110011000000000
1110001001011000111000111011000111111110101111011110001000001010
1110000111011010010011110110011111111011111010111110101000011110
1110011011011111000101101100101111110001010001111111101000110110
1110100011010101101001011001001111100100000111111101101001100110
1111010011000000110000110010001111001110101011111001101011000110
1100110011101010000011100100001110011011110011110001101110000110
1011110010111111100101001000001100110001000011100001100100000110
0101110000010100101000010000001001100100100011000001110000000110
1001110101000010110010100000000011001111100010000001011000000111
0001111111101110000111000000010110011001100000000000001000000100
0001101010110111101100000000111100110101100100000010101000000011
0001000000000100111010000001101001101101101100000111101000001101
0000010101100010010110000011000011011101111100001101101000010001
0010111110101111001110000110010110111101011100011001101000101001
0111101000110101111110001100111101111100011100110001101001011001
1101000100000000011110011001101011111110011101100001101010111001
1000011101101011011110110011000111111010011111000001101101111000
0010101110111101011111100110011111110010011010000001100011111010
0111001000010001011101001100101111100010010000000001111111111111
1100000101001001011000011001001111000010000100000001000111110101
1010011111111001010010110010001110000010101100000000110111100000
0110101010011001000111100100001100000011111100000011010111001010
1111000001011001101101001000001000000001011100000100010110011111
1100010111011000111000010000000000000100011100001010010100110100
1010111011011010010010100000010000001110011100010110010001100010
0111100011011111000111000000110000011010011100101110011011001110
1101010011010101101100000001110000110010011101011110001110010111
1000110011000000111010000011110001100010011110111110100100100100
0011110011101010010110000111110011000010011001111111110001000010
0101110010111111001110001111110110000010010111111101011010001111
1001110000010101111110011111111100000010001011111000001100010101
0001110101000000011110111111101000000010110011110010100000100000
0001111111101011011111111111000000000011000011100111111001001011
0001101010111101011101111110010000000000100011001101001010011101
0001000000010001011001111100110000000111100010011000101100110001
0000010101001001010001111001110000001001100000110011100001101001
0010111111111001000001110011110000010101100101100101111011011001
0111101010011001100001100111110000101101101111001001001110111001
1101000001011000100001001111110001011101111010010000100101111001
1000010111011010100000011111110010111101010000100011110011111000
0010111011011110100010111111110101111100000101000101011111111010
0111100011010110100111111111111011111110101110001000000111111111
1101010011000110101101111111100111111011111000010010110111110101
1000110011100110111001111111011111110001010100100111010111100000
0011110010100110010001111110101111100100001101001100010111001010
0101110000100111000001111101001111001110111110011010010110011111
1001110100100101100001111010001110011011011000110110010100110101
0001111100100000100001110100001100110000010101101110010001100000
0001101100101010100001101000001001100110001111011110011011001011
0001001100111110100001010000000011001010111010111110001110011101
0000001100010110100000100000010110010011010001111110100100110001
0010001101000110100011000000111100100000000111111111110001101001
0110001111100110100100000001101001000110101011111101011011011001
0001110000001011010101111111010111111000100111000101111110000011
0001110101111101001001111110111111110111101010001001000100001101
0001111110010001110001111101101111101001110000010000110000010001
0001101001001000000001111011001111010101000100100011011000101001
0001000111111011100001110110001110101100101101000100001001011001
0000011010011100100001101100001101011111111110001010101010111001
0010100001010010100001011000001010111001011000010111101101111001
0111010111001110100000110000000101110100010100101101100011111001
1100111011110110100011100000011011101110001101011001111111111001
1011100010000110100101000000100111011010111110110001000111111000
0101010001100110101000000001011110110011011001100000110111111010
1000110110100110110010000010101101100000010111000011010111111111
0011111000100110000110000101001011000110001010000100010111110100
0101100100100111101110001010000110001010110000001010010111100011
1001011100100100111110010100011100010011000100010110010111001101
0000101100100010011110101000101000100000101100101110010110010000
0011001100101111011111010001000001000111111101011110010100101011
0100001100110101011100100010010010001001011110111110010001011101
1010001100000001011011000100110100010100011001111110011010110001
0110001101101001010100001001111000101110010111111110001101101000
1110001110111001001010010011100001011010001011111110100011011011
1110001000011001110110100111010010110010110011111111111110111100
1110000101011000001111001110110101100011000011111101000101110010
1110011111011011111100011101111011000000100011111000110011101110
1110101011011100011010111011100110000111100011110011011111010110
1111000011010011010111110111011100001001100011100100000110100110
1100010011001101001101101110101000010101100011001010110101000110
1010110011110001111001011101000000101101100010010111010010000110
0111110010001000010000111010010001011101100000101100011100000110
1101110001111011000011110100110010111101100101011010000000000111
1001110110011101100101101001110101111101101110110110111000000100
0001111001010000101001010011111011111101111001101111001000000010
0001100111001010110000100111100111111101010111011100101000001111
0001011011111110000011001111011111111100001010111011101000010101
0000100010010111100100011110101111111110110001110101101000100001
0011010001000100101010111101001111111011000111101001101001001001
0100110111100010110111111010001111110000101011010001101010011001
1011111010101110001101110100001111100111110010100001101100111001
0101100000110111111001101000001111001001000001000001100001111000
1001010100000100010001010000001110010100100110000001111011111011
0000111101100011000000100000001100101111101000000001001111111100
0011101110101101100011000000001001011001110100000000100111110011
0101001000110000100100000000000010110101001100000011110111101101
1000000100001010101010000000010101101100111100000101010111010001
0010011101111110110110000000111011011111011100001000010110101000
0110101110010110001110000001100110111000011100010010010101011011
1111001001000111111110000011011101110110011100100110010010111101
1100000111100100011110000110101011101010011101001110011101110000
1010011010100011011110001101000111010010011110011110000011101010
0110100000101101011110011010011110100010011000111110111111011110
1111010100110001011110110100101101000010010101111111000110110111
1100111100001001011111101001001010000010001111111100110101100100
1011101101111001011101010010000100000010111011111011010011000010
0101001110011001011000100100011000000011010011110100011110001110
1000001001011001010011001000100000000000000011101010000100010111
0010000111011001000100010001010000000110100011010110110000100100
0110011011011001101010100010110000001011100010101111011001000011
1110100011011000110111000101110000010001100001011100001010001101
1111010011011010001100001011110000100101100110111010101100010000
1100110011011111111010010111110001001101101001110111100000101010
1011110011010100010110101111110010011101110111101101111001011110
0101110011000011001111011111110100111101001011011001001010110110
1001110011101101111100111111111001111100110010110000101101100111
0001110010110000011011111111100011111111000001100011100011000100
0110000001001000111101010100111111001110001110011111000000100110
1110010111111010011000101001101110011010111000111100111001000111
1110111010011111010011010011001100110011010101111011001010000100
1111100001010101000100100110001001100000001111110100101100000010
1101010111000001101011001100000011000110111011101011100000001110
1000111011101000110100011000010110001011010011010101111000010110
0011100010111010001010110000111100010000000010101001001000100110
0101010000011111110111100001101000100110100001010000101001000111
1000110101010100001101000011000001001011100110100011101010000101
0011111111000011111000000110010010010001101001000101101100000000
0101101011101100010010001100110100100101110110001001100000001011
1001000010110011000110011001111001001101001000010001111000011101
0000010000001101101110110011100010011100110100100001001000110000
0010110101110000111111100111010100111111001101000000101001101011
0111111110001010011101001110111001111000111110000011101011011101
1101101001111111011000011101100011110111011000000101101110110001
1001000110010101010010111011010111101000010100001001100101101000
0000011001000001000111110110111111010110001100010001110011011010
0010100111101001101101101101101110101010111100100001011110111111
0111011010111000111001011011001101010011011101000000000101110101
1100100000011010010000110110001010100000011110000010110011100001
1011010101011111000011101100000101000110011000000111011111001000
0100111111010101100101011000011010001010010100001100000110011010
1011101011000000101000110000100100010010001100011010110100111111
0101000011101010110011100001011000100010111100110111010001110100
1000010010111110000101000010100001000011011101101100011011100011
0010110000010111101000000101010010000000011111011010001111001100
0111110101000100110010001010110100000110011010110110100110010011
1101111111100010000110010101111000001010010001101111110100101101
1001101010101111101110101011100000010010000111011101010001010000
0001000000110100111111010111010000100010101010111000011010101010
0000010100000010011100101110110001000011110001110010001101011111
0010111101101111011011011101110010000001000111100110100010110101
0111101110110101010100111011110100000100101011001111111101100001
1101001000000001001011110111111000001111110010011101000011001001
1000000101101001110101101111100000011001000000111000111110011000
0010011110111000001001011111010000110100100101110011000100111010
0110101000011011110000111110110001101111101111100100110001111111
1111000101011100000011111101110011011001111011001011011011110101
1100011111010011100101111011110110110101010010010100001111100000
1010101011001100101001110111111101101100000000101010100111001010
0111000011110010110001101111101011011110100101010111110110011110
1100010010001110000001011111000110111011101110101101010100110111
1010110001110111100000111110011101110001111001011000010001100100
0111110110000100100011111100101011100101010110110010011011000010
1101111001100010100101111001000111001100001001100110001110001111
1001100110101110101001110010011110011110110111001110100100010100
0001011000110110110001100100101100111011001010011111110000100010
0000100100000110000001001001001001110000110000111101011001001111
0011011101100111100000010010000011100111000101111000001010010101
0100101110100100100010100100010111001000101111110010101100100001
1011001000100010100111001000111110010111111011100111100001001001
0100000100101110101100010001101100101001010011001101111010011000
1010011100110110111010100011001001010100000010011001001100111011
0110101100000110010111000110000010101110100000110000100001111100
1111001101100111001100001100010101011011100101100011111011110011
1100001110100101111010011000111010110001101111000101001111101100
1010001000100000010110110001100101100101111010001000100111010010
0110000100101011001111100011011011001101010000010011110110101110
1110011100111101111101000110100110011100000100100101010101010111
1110101100010000011000001101011100111110101101001000010010100100
1111001101001011010010011010101001111011111110010010011101000010
1100001111111101000110110101000011110001011000100110000010001110
1010001010010001101111101010010111100100010101001110111100010110
0110001010010000110010111000111110011101011110011101100101111001
1110000001001010000111110001101100111100011000111001110011111001
1110010111111111101101100011001001111110010101110001011111111000
1110111010010100111001000110000011111010001111100000000111111010
1111100001000010010000001100010111110010111011000010110111111110
1101010111101111000010011000111111100011010010000111010111110110
1000111010110101100110110001101111000000000000001100010111100110
0011100000000000101111100011001110000110100100011010010111000110
0101010101101010111101000110001100001011101100110110010110000111
1000111110111110011000001100001000010001111101101110010100000101
0011101000010111010010011000000000100101011111011110010000000000
0101000101000101000110110000010001001100011010111110011000001011
1000011111100001101111100000110010011110010001111110001000011101
0010101010101000111101000001110100111010000111111110101000110000
0111000000111010011000000011111001110010101011111111101001101011
1100010100011111010010000111100011100011110011111101101011011101
1010111101010101000110001111010111000001000011111001101110110000
0111101111000001101110011110111110000100100011110001100101101010
1101001011101000111110111101101100001111100011100001110011011111
1000000010111010011111111011001000011001100011000001011110110100
0010010000011111011101110110000000110101100010000000000101100010
0110110101010101011001101100010001101101100000000010110011001111
1111111111000001010001011000110011011101100100000111011110010101
1101101011101001000000110001110110111101101100001100000100100000
1001000010111001100011100011111101111101111100011010110001001010
0000010000011000100101000111101011111101011100110111011010011110
0010110101011010101000001111000111111100011101101100001100110111
0111111111011110110010011110011111111110011111011010100001100101
1101101011010110000110111100101111111010011010110111111011000001
1001000011000111101111111001001111110010010001101101001110001000
0000010011100100111101110010001111100010000111011000100100011010
0010110010100010011001100100001111000010101010110011110000111111
0111110000101111010001001000001110000011110001100101011001110101
1101110100110101000000010000001100000001000111001000001011100001
1001111100000001100010100000001000000100101010010010101111001000
0001101101101000100111000000000000001111110000100111100110011010
0001001110111010101100000000010000011001000101001101110100111111
0000001000011110111010000000110000110100101110011001010001110101
0010000101010110010110000001110001101111111000110000011011100001
0110011111000111001110000011110011011001010101100010001111001001
1110101011100101111110000111110110110100001111000110100110011001
1111000010100000011110001111111101101110111010001111110100111000
1100010000101011011110011111101011011011010000011101010001111010
1010110100111101011110111111000110110000000100111000011011111110
0111111100010001011111111110011101100110101101110010001111110110
1101101101001001011101111100101011001011111111100110100111100111
1001001111111001011001111001000110010001011011001111110111000100
0000001010011001010001110010011100100100010010011101010110000010
0010000001011001000001100100101001001110000000111000010100001111
0110010111011001100001001001000010011010100101110010010000010101
1110111011011000100000010010010100110011101111100110011000100001
1111100011011010100010100100111001100001111011001110001001001000
1101010011011110100111001001100011000101010010011110101010011010
1000110011010110101100010011010110001100000000111111101100111110
0011110011000110111010100110111100011110100101111101100001110110
0101110011100110010111001101101000111011101111111001111011100111
1001110010100111001100011011000001110001111011110001001111000101
0001110000100101111010110110010011100101010011100000100110000000
0001110100100000010111101100110111001100000011000011110100001011
0001111100101011001101011001111110011110100010000101010000011101
0001101100111101111000110011101100111011100000001000011000110001
0001001100010000010011100111001001110001100100010010001001101001
0000001101001011000101001110000011100101101100100110101011011001
0010001111111101101000011100010111001101111101001111101110111001
